image_width: 2880
image_height: 1860
camera_name: narrow_stereo
camera_matrix:
  rows: 3
  cols: 3
  data: [5138.4888306463, 0.000000, 1410.0498665599, 0.000000, 5139.4416499103, 926.3580964675, 0.000000, 0.000000, 1.000000]
distortion_model: plumb_bob
distortion_coefficients:
  rows: 1
  cols: 8
  data: [-0.6547929277, 22.5345670738, -0.0002593369, -0.0010325851, 119.9697411085, -0.4503500583, 22.4675254341, 126.8033815189]
rectification_matrix:
  rows: 3
  cols: 3
  data: [1.000000, 0.000000, 0.000000, 0.000000, 1.000000, 0.000000, 0.000000, 0.000000, 1.000000]
projection_matrix:
  rows: 3
  cols: 4
  data: [3645.788086, 0.000000, 721.845447, 0.000000, 0.000000, 3667.635742, 559.508970, 0.000000, 0.000000, 0.000000, 1.000000, 0.000000]
