image_width: 2880
image_height: 1860
camera_name: narrow_stereo
camera_matrix:
  rows: 3
  cols: 3
  data: [2649.2625614093, 0.000000, 1451.2881931039, 0.000000, 2648.3769189477, 953.3521801645, 0.000000, 0.000000, 1.000000]
distortion_model: plumb_bob
distortion_coefficients:
  rows: 1
  cols: 5
  data: [0.5985074683, 18.3831229665, -0.0001109828, -0.0001802019, 5.2338930332, 0.9420422892, 18.6833623120, 13.8622033502]
rectification_matrix:
  rows: 3
  cols: 3
  data: [1.000000, 0.000000, 0.000000, 0.000000, 1.000000, 0.000000, 0.000000, 0.000000, 1.000000]
projection_matrix:
  rows: 3
  cols: 4
  data: [3645.788086, 0.000000, 721.845447, 0.000000, 0.000000, 3667.635742, 559.508970, 0.000000, 0.000000, 0.000000, 1.000000, 0.000000]
