image_width: 2880
image_height: 1860
camera_name: narrow_stereo
camera_matrix:
  rows: 3
  cols: 3
  data: [2639.1824719487, 0.000000, 1441.0424896533, 0.000000, 2639.5264737532, 943.3545546690, 0.000000, 0.000000, 1.000000]
distortion_model: plumb_bob
distortion_coefficients:
  rows: 1
  cols: 5
  data: [0.4696126219, 26.3124039027, 0.0004162277, 0.0003014264, 7.5441172844, 0.8346637242, 26.3326639338, 20.2188009032]
rectification_matrix:
  rows: 3
  cols: 3
  data: [1.000000, 0.000000, 0.000000, 0.000000, 1.000000, 0.000000, 0.000000, 0.000000, 1.000000]
projection_matrix:
  rows: 3
  cols: 4
  data: [3645.788086, 0.000000, 721.845447, 0.000000, 0.000000, 3667.635742, 559.508970, 0.000000, 0.000000, 0.000000, 1.000000, 0.000000]
