image_width: 1280
image_height: 1024
camera_name: narrow_stereo
camera_matrix:
  rows: 3
  cols: 3
  data: [1248.4684428156258, 0.0, 646.2566560217814, 0.0, 1248.9977568115366, 535.9541189970943, 0.0, 0.0, 1.0]
distortion_model: plumb_bob
distortion_coefficients:
  rows: 1
  cols: 5
  data: [-0.4362067145078811, 0.2533440697085695, -0.0021857855260764723, -0.0015087864060719847, -0.10406607660115912]
rectification_matrix:
  rows: 3
  cols: 3
  data: [1.000000, 0.000000, 0.000000, 0.000000, 1.000000, 0.000000, 0.000000, 0.000000, 1.000000]
projection_matrix:
  rows: 3
  cols: 4
  data: [3645.788086, 0.000000, 721.845447, 0.000000, 0.000000, 3667.635742, 559.508970, 0.000000, 0.000000, 0.000000, 1.000000, 0.000000]
