image_width: 2880
image_height: 1860
camera_name: narrow_stereo
camera_matrix:
  rows: 3
  cols: 3
  data: [5145.5333039514, 0.000000, 1448.4624188740, 0.000000, 5146.4623371997, 913.7974315103, 0.000000, 0.000000, 1.000000]
distortion_model: plumb_bob
distortion_coefficients:
  rows: 1
  cols: 8
  data: [13.2619636234, -9.8250902145, 0.0000793775, 0.0000640413, -90.9277079364, 13.4518393897, -6.4520325041, -99.2142003032]
rectification_matrix:
  rows: 3
  cols: 3
  data: [1.000000, 0.000000, 0.000000, 0.000000, 1.000000, 0.000000, 0.000000, 0.000000, 1.000000]
projection_matrix:
  rows: 3
  cols: 4
  data: [3645.788086, 0.000000, 721.845447, 0.000000, 0.000000, 3667.635742, 559.508970, 0.000000, 0.000000, 0.000000, 1.000000, 0.000000]
